DEGRADED	 PESQMOS	 SUBJMOS	 COND	 SAMPLE_FREQ	 CRUDE_DELAY
t21c0201.enh.wav	 2.089	 0.000	 0	 16000	0.0000
 t21c0202.enh.wav	 1.752	 0.000	 0	 16000	0.0000
 t21c0204.enh.wav	 2.110	 0.000	 0	 16000	-0.0080
 t21c0205.enh.wav	 2.139	 0.000	 0	 16000	0.0000
 t21c0209.enh.wav	 1.823	 0.000	 0	 16000	0.0000
 t21c020b.enh.wav	 2.040	 0.000	 0	 16000	-0.0040
 t21c020d.enh.wav	 2.118	 0.000	 0	 16000	0.0000
 t21c020e.enh.wav	 2.370	 0.000	 0	 16000	-0.0080
 t21c020g.enh.wav	 1.663	 0.000	 0	 16000	0.0080
 t21c020i.enh.wav	 1.927	 0.000	 0	 16000	0.0080
 t21c020j.enh.wav	 1.937	 0.000	 0	 16000	0.0080
 t21c020k.enh.wav	 1.763	 0.000	 0	 16000	0.0080
 t21c020m.enh.wav	 1.877	 0.000	 0	 16000	0.0080
 t21c020n.enh.wav	 1.652	 0.000	 0	 16000	0.0160
 t21c020o.enh.wav	 1.838	 0.000	 0	 16000	0.0120
 t21c020q.enh.wav	 1.558	 0.000	 0	 16000	0.0080
 t22c0202.enh.wav	 2.386	 0.000	 0	 16000	0.0000
 t22c0205.enh.wav	 2.483	 0.000	 0	 16000	-0.0080
 t22c0206.enh.wav	 2.393	 0.000	 0	 16000	-0.0080
 t22c0208.enh.wav	 2.514	 0.000	 0	 16000	-0.0080
 t22c020b.enh.wav	 2.360	 0.000	 0	 16000	0.0000
 t22c020d.enh.wav	 2.094	 0.000	 0	 16000	-0.0080
 t22c020e.enh.wav	 2.163	 0.000	 0	 16000	0.0120
 t22c020f.enh.wav	 2.127	 0.000	 0	 16000	0.0120
 t22c020h.enh.wav	 2.060	 0.000	 0	 16000	0.0040
 t22c020i.enh.wav	 2.120	 0.000	 0	 16000	0.0080
 t22c020k.enh.wav	 2.326	 0.000	 0	 16000	0.0080
 t22c020m.enh.wav	 2.257	 0.000	 0	 16000	0.0080
 t22c020n.enh.wav	 2.063	 0.000	 0	 16000	0.0080
 t22c020p.enh.wav	 2.206	 0.000	 0	 16000	0.0040
 t23c0201.enh.wav	 2.023	 0.000	 0	 16000	-0.0040
 t23c0202.enh.wav	 1.934	 0.000	 0	 16000	-0.0040
 t23c0203.enh.wav	 1.899	 0.000	 0	 16000	-0.0040
 t23c020b.enh.wav	 2.095	 0.000	 0	 16000	-0.0040
 t23c020c.enh.wav	 2.029	 0.000	 0	 16000	-0.0040
 t23c020d.enh.wav	 2.147	 0.000	 0	 16000	-0.0040
 t23c020e.enh.wav	 1.593	 0.000	 0	 16000	0.0000
 t23c020f.enh.wav	 1.635	 0.000	 0	 16000	0.0120
 t23c020h.enh.wav	 1.767	 0.000	 0	 16000	0.0120
 t23c020i.enh.wav	 2.006	 0.000	 0	 16000	0.0040
 t23c020j.enh.wav	 1.901	 0.000	 0	 16000	0.0080
 t23c020k.enh.wav	 1.906	 0.000	 0	 16000	0.0080
 t23c020m.enh.wav	 1.887	 0.000	 0	 16000	0.0080
 t23c020n.enh.wav	 1.703	 0.000	 0	 16000	0.0080
 t23c020o.enh.wav	 1.619	 0.000	 0	 16000	0.0120
 t23c020p.enh.wav	 1.604	 0.000	 0	 16000	0.0120
 t23c020q.enh.wav	 1.729	 0.000	 0	 16000	0.0160
 t24c0201.enh.wav	 1.609	 0.000	 0	 16000	0.0000
 t24c0202.enh.wav	 1.597	 0.000	 0	 16000	0.0000
 t24c0203.enh.wav	 1.717	 0.000	 0	 16000	0.0000
 t24c0204.enh.wav	 1.848	 0.000	 0	 16000	0.0000
 t24c0205.enh.wav	 1.673	 0.000	 0	 16000	0.0000
 t24c0206.enh.wav	 1.419	 0.000	 0	 16000	0.0000
 t24c0207.enh.wav	 1.382	 0.000	 0	 16000	0.0040
 t24c0208.enh.wav	 1.290	 0.000	 0	 16000	0.0000
 t24c0209.enh.wav	 1.599	 0.000	 0	 16000	0.0000
 t24c020a.enh.wav	 1.544	 0.000	 0	 16000	0.0040
 t24c020b.enh.wav	 1.443	 0.000	 0	 16000	0.0000
 t24c020d.enh.wav	 1.414	 0.000	 0	 16000	0.0000
 t24c020e.enh.wav	 1.408	 0.000	 0	 16000	-0.0040
 t24c020f.enh.wav	 1.322	 0.000	 0	 16000	0.0120
 t24c020h.enh.wav	 1.614	 0.000	 0	 16000	0.0120
 t24c020j.enh.wav	 1.481	 0.000	 0	 16000	0.0080
 t24c020k.enh.wav	 1.266	 0.000	 0	 16000	0.0160
 t24c020l.enh.wav	 1.392	 0.000	 0	 16000	0.0080
 t24c020m.enh.wav	 1.700	 0.000	 0	 16000	0.0080
 t24c020n.enh.wav	 1.304	 0.000	 0	 16000	0.0080
 t24c020o.enh.wav	 1.363	 0.000	 0	 16000	0.0080
 t24c020p.enh.wav	 1.526	 0.000	 0	 16000	0.0120
 t24c020q.enh.wav	 1.251	 0.000	 0	 16000	0.0160
 t25c0201.enh.wav	 1.855	 0.000	 0	 16000	-0.0040
 t25c0203.enh.wav	 1.951	 0.000	 0	 16000	0.0000
 t25c0204.enh.wav	 1.505	 0.000	 0	 16000	0.0040
 t25c0205.enh.wav	 1.688	 0.000	 0	 16000	0.0000
 t25c0207.enh.wav	 1.875	 0.000	 0	 16000	-0.0040
 t25c0208.enh.wav	 1.853	 0.000	 0	 16000	0.0040
 t25c0209.enh.wav	 1.656	 0.000	 0	 16000	0.0040
 t25c020b.enh.wav	 1.872	 0.000	 0	 16000	0.0040
 t25c020d.enh.wav	 2.113	 0.000	 0	 16000	0.0040
 t25c020g.enh.wav	 1.837	 0.000	 0	 16000	0.0160
 t25c020h.enh.wav	 1.482	 0.000	 0	 16000	0.0080
 t25c020i.enh.wav	 1.981	 0.000	 0	 16000	0.0160
 t25c020j.enh.wav	 1.504	 0.000	 0	 16000	0.0160
 t25c020l.enh.wav	 1.449	 0.000	 0	 16000	0.0120
 t25c020o.enh.wav	 1.702	 0.000	 0	 16000	0.0160
 t25c020p.enh.wav	 1.845	 0.000	 0	 16000	0.0120
 t25c020r.enh.wav	 1.570	 0.000	 0	 16000	0.0120
 t36c0201.enh.wav	 1.956	 0.000	 0	 16000	0.0000
 t36c0202.enh.wav	 2.145	 0.000	 0	 16000	0.0000
 t36c0203.enh.wav	 2.146	 0.000	 0	 16000	0.0000
 t36c0204.enh.wav	 2.003	 0.000	 0	 16000	0.0000
 t36c0206.enh.wav	 2.000	 0.000	 0	 16000	-0.0040
 t36c0207.enh.wav	 1.705	 0.000	 0	 16000	-0.0040
 t36c0208.enh.wav	 2.107	 0.000	 0	 16000	0.0000
 t36c020g.enh.wav	 1.661	 0.000	 0	 16000	0.0120
 t36c020k.enh.wav	 1.772	 0.000	 0	 16000	0.0080
 t36c020n.enh.wav	 1.538	 0.000	 0	 16000	0.0160
 t37c0202.enh.wav	 2.044	 0.000	 0	 16000	0.0000
 t37c0204.enh.wav	 2.307	 0.000	 0	 16000	-0.0040
 t37c0205.enh.wav	 2.300	 0.000	 0	 16000	-0.0040
 t37c0209.enh.wav	 2.016	 0.000	 0	 16000	0.0000
 t37c020a.enh.wav	 2.301	 0.000	 0	 16000	-0.0040
 t37c020g.enh.wav	 1.806	 0.000	 0	 16000	0.0120
 t37c020h.enh.wav	 1.595	 0.000	 0	 16000	0.0360
 t37c020i.enh.wav	 2.196	 0.000	 0	 16000	0.0120
 t37c020j.enh.wav	 1.758	 0.000	 0	 16000	0.0080
 t37c020l.enh.wav	 1.896	 0.000	 0	 16000	0.0120
 t37c020n.enh.wav	 2.054	 0.000	 0	 16000	0.0120
 t37c020p.enh.wav	 1.782	 0.000	 0	 16000	0.0120
 t37c020r.enh.wav	 1.860	 0.000	 0	 16000	0.0120
 t38c0201.enh.wav	 2.117	 0.000	 0	 16000	0.0000
 t38c0202.enh.wav	 2.225	 0.000	 0	 16000	0.0000
 t38c0203.enh.wav	 2.085	 0.000	 0	 16000	0.0000
 t38c0204.enh.wav	 2.053	 0.000	 0	 16000	0.0000
 t38c0205.enh.wav	 1.907	 0.000	 0	 16000	0.0000
 t38c0206.enh.wav	 1.984	 0.000	 0	 16000	0.0000
 t38c0207.enh.wav	 1.882	 0.000	 0	 16000	-0.0040
 t38c0208.enh.wav	 1.878	 0.000	 0	 16000	0.0000
 t38c0209.enh.wav	 2.270	 0.000	 0	 16000	0.0040
 t38c020a.enh.wav	 2.326	 0.000	 0	 16000	0.0040
 t38c020b.enh.wav	 2.405	 0.000	 0	 16000	0.0040
 t38c020c.enh.wav	 2.353	 0.000	 0	 16000	0.0040
 t38c020d.enh.wav	 2.175	 0.000	 0	 16000	-0.0080
 t38c020e.enh.wav	 2.043	 0.000	 0	 16000	0.0040
 t38c020f.enh.wav	 1.962	 0.000	 0	 16000	0.0080
 t38c020h.enh.wav	 2.046	 0.000	 0	 16000	0.0160
 t38c020i.enh.wav	 1.924	 0.000	 0	 16000	0.0080
 t38c020j.enh.wav	 1.655	 0.000	 0	 16000	0.0120
 t38c020k.enh.wav	 1.852	 0.000	 0	 16000	0.0160
 t38c020l.enh.wav	 2.016	 0.000	 0	 16000	0.0080
 t38c020m.enh.wav	 1.960	 0.000	 0	 16000	0.0120
 t38c020o.enh.wav	 2.030	 0.000	 0	 16000	0.0080
 t38c020r.enh.wav	 1.949	 0.000	 0	 16000	0.0040
 t38c020s.enh.wav	 1.430	 0.000	 0	 16000	0.0040
 t39c0201.enh.wav	 1.410	 0.000	 0	 16000	0.0080
 t39c0202.enh.wav	 1.494	 0.000	 0	 16000	0.0040
 t39c0203.enh.wav	 1.230	 0.000	 0	 16000	0.0120
 t39c0204.enh.wav	 1.193	 0.000	 0	 16000	0.0000
 t39c0205.enh.wav	 1.579	 0.000	 0	 16000	0.0000
 t39c0206.enh.wav	 1.470	 0.000	 0	 16000	0.0040
 t39c0207.enh.wav	 1.306	 0.000	 0	 16000	0.0000
 t39c0208.enh.wav	 1.651	 0.000	 0	 16000	0.0040
 t39c0209.enh.wav	 1.702	 0.000	 0	 16000	0.0000
 t39c020a.enh.wav	 1.329	 0.000	 0	 16000	0.0040
 t39c020b.enh.wav	 1.671	 0.000	 0	 16000	0.0040
 t39c020c.enh.wav	 1.442	 0.000	 0	 16000	0.0040
 t39c020d.enh.wav	 1.727	 0.000	 0	 16000	0.0000
 t39c020e.enh.wav	 1.472	 0.000	 0	 16000	0.0040
 t39c020f.enh.wav	 1.838	 0.000	 0	 16000	0.0120
 t39c020g.enh.wav	 1.516	 0.000	 0	 16000	0.0160
 t39c020h.enh.wav	 1.290	 0.000	 0	 16000	0.0120
 t39c020k.enh.wav	 1.682	 0.000	 0	 16000	0.0160
 t39c020l.enh.wav	 1.335	 0.000	 0	 16000	0.0160
 t39c020n.enh.wav	 1.606	 0.000	 0	 16000	0.0200
 t39c020o.enh.wav	 1.271	 0.000	 0	 16000	0.0200
 t39c020p.enh.wav	 1.805	 0.000	 0	 16000	0.0040
 t39c020q.enh.wav	 1.384	 0.000	 0	 16000	0.0240
 t39c020r.enh.wav	 1.681	 0.000	 0	 16000	0.0120
 t39c020s.enh.wav	 1.559	 0.000	 0	 16000	0.0160
 t40c0201.enh.wav	 1.358	 0.000	 0	 16000	0.0080
 t40c0202.enh.wav	 1.668	 0.000	 0	 16000	0.0080
 t40c0203.enh.wav	 1.826	 0.000	 0	 16000	0.0000
 t40c0204.enh.wav	 1.790	 0.000	 0	 16000	0.0000
 t40c0205.enh.wav	 1.593	 0.000	 0	 16000	0.0000
 t40c0206.enh.wav	 1.363	 0.000	 0	 16000	-0.0080
 t40c0207.enh.wav	 2.007	 0.000	 0	 16000	0.0000
 t40c0208.enh.wav	 1.916	 0.000	 0	 16000	-0.0040
 t40c0209.enh.wav	 1.972	 0.000	 0	 16000	0.0040
 t40c020a.enh.wav	 2.007	 0.000	 0	 16000	0.0040
 t40c020b.enh.wav	 2.071	 0.000	 0	 16000	0.0000
 t40c020c.enh.wav	 1.966	 0.000	 0	 16000	0.0000
 t40c020d.enh.wav	 1.757	 0.000	 0	 16000	-0.0040
 t40c020e.enh.wav	 1.835	 0.000	 0	 16000	-0.0040
 t40c020f.enh.wav	 1.802	 0.000	 0	 16000	0.0160
 t40c020g.enh.wav	 1.912	 0.000	 0	 16000	0.0080
 t40c020h.enh.wav	 1.686	 0.000	 0	 16000	0.0120
 t40c020i.enh.wav	 1.720	 0.000	 0	 16000	0.0080
 t40c020k.enh.wav	 1.559	 0.000	 0	 16000	0.0200
 t40c020l.enh.wav	 1.835	 0.000	 0	 16000	0.0120
 t40c020m.enh.wav	 1.837	 0.000	 0	 16000	0.0080
 t40c020n.enh.wav	 1.611	 0.000	 0	 16000	0.0120
 t40c020o.enh.wav	 1.380	 0.000	 0	 16000	0.0200
 t40c020p.enh.wav	 1.546	 0.000	 0	 16000	0.0120
 t40c020q.enh.wav	 1.703	 0.000	 0	 16000	0.0200
 t40c020r.enh.wav	 1.615	 0.000	 0	 16000	0.0160
 t40c020s.enh.wav	 1.711	 0.000	 0	 16000	0.0200
 t21c0206.enh.wav	 1.723	 0.000	 0	 16000	0.0160
 t21c0207.enh.wav	 1.843	 0.000	 0	 16000	0.0040
 t21c0208.enh.wav	 2.158	 0.000	 0	 16000	-0.0040
 t21c020a.enh.wav	 1.800	 0.000	 0	 16000	0.0040
 t21c020c.enh.wav	 1.845	 0.000	 0	 16000	0.0040
 t21c020f.enh.wav	 2.090	 0.000	 0	 16000	0.0040
 t21c020h.enh.wav	 1.496	 0.000	 0	 16000	0.0040
 t21c020l.enh.wav	 1.626	 0.000	 0	 16000	0.0120
 t21c020p.enh.wav	 1.622	 0.000	 0	 16000	0.0040
 t21c020r.enh.wav	 1.868	 0.000	 0	 16000	0.0040
 t21c020s.enh.wav	 1.604	 0.000	 0	 16000	-0.0040
 t21c020t.enh.wav	 2.026	 0.000	 0	 16000	-0.0040
 t21c020u.enh.wav	 1.936	 0.000	 0	 16000	0.0040
 t21c020v.enh.wav	 2.226	 0.000	 0	 16000	-0.0040
 t21c020w.enh.wav	 1.728	 0.000	 0	 16000	-0.0040
 t21c020x.enh.wav	 2.266	 0.000	 0	 16000	-0.0080
 t21c020y.enh.wav	 1.639	 0.000	 0	 16000	0.0040
 t21c020z.enh.wav	 2.187	 0.000	 0	 16000	-0.0040
 t21c0210.enh.wav	 1.867	 0.000	 0	 16000	0.0000
 t21c0211.enh.wav	 1.220	 0.000	 0	 16000	0.0120
 t21c0212.enh.wav	 1.278	 0.000	 0	 16000	0.0040
 t22c0201.enh.wav	 2.237	 0.000	 0	 16000	-0.0040
 t22c0203.enh.wav	 2.186	 0.000	 0	 16000	0.0040
 t22c0204.enh.wav	 2.268	 0.000	 0	 16000	0.0040
 t22c0207.enh.wav	 2.241	 0.000	 0	 16000	0.0040
 t22c0209.enh.wav	 2.389	 0.000	 0	 16000	-0.0040
 t22c020a.enh.wav	 2.202	 0.000	 0	 16000	-0.0040
 t22c020c.enh.wav	 2.283	 0.000	 0	 16000	0.0000
 t22c020g.enh.wav	 2.520	 0.000	 0	 16000	-0.0040
 t22c020j.enh.wav	 2.461	 0.000	 0	 16000	-0.0040
 t22c020l.enh.wav	 2.314	 0.000	 0	 16000	0.0040
 t22c020o.enh.wav	 2.361	 0.000	 0	 16000	0.0040
 t22c020q.enh.wav	 2.339	 0.000	 0	 16000	-0.0040
 t22c020r.enh.wav	 2.362	 0.000	 0	 16000	-0.0040
 t22c020s.enh.wav	 2.334	 0.000	 0	 16000	-0.0040
 t22c020t.enh.wav	 2.336	 0.000	 0	 16000	-0.0040
 t22c020u.enh.wav	 2.381	 0.000	 0	 16000	0.0000
 t22c020v.enh.wav	 2.417	 0.000	 0	 16000	0.0000
 t22c020w.enh.wav	 2.316	 0.000	 0	 16000	0.0000
 t22c020x.enh.wav	 2.346	 0.000	 0	 16000	-0.0040
 t22c020y.enh.wav	 2.301	 0.000	 0	 16000	0.0000
 t22c020z.enh.wav	 2.314	 0.000	 0	 16000	0.0040
 t22c0210.enh.wav	 2.315	 0.000	 0	 16000	0.0000
 t22c0211.enh.wav	 2.393	 0.000	 0	 16000	-0.0080
 t23c0204.enh.wav	 1.631	 0.000	 0	 16000	0.0040
 t23c0205.enh.wav	 1.691	 0.000	 0	 16000	0.0040
 t23c0206.enh.wav	 1.866	 0.000	 0	 16000	0.0040
 t23c0207.enh.wav	 1.680	 0.000	 0	 16000	0.0080
 t23c0208.enh.wav	 1.834	 0.000	 0	 16000	0.0040
 t23c0209.enh.wav	 1.770	 0.000	 0	 16000	0.0000
 t23c020a.enh.wav	 1.799	 0.000	 0	 16000	-0.0040
 t23c020g.enh.wav	 2.068	 0.000	 0	 16000	0.0040
 t23c020l.enh.wav	 1.914	 0.000	 0	 16000	0.0080
 t23c020r.enh.wav	 1.429	 0.000	 0	 16000	0.0080
 t23c020s.enh.wav	 2.092	 0.000	 0	 16000	-0.0040
 t23c020t.enh.wav	 1.528	 0.000	 0	 16000	0.0040
 t23c020u.enh.wav	 2.071	 0.000	 0	 16000	0.0000
 t23c020v.enh.wav	 1.813	 0.000	 0	 16000	0.0040
 t23c020w.enh.wav	 2.067	 0.000	 0	 16000	0.0000
 t23c020x.enh.wav	 2.141	 0.000	 0	 16000	-0.0040
 t23c020y.enh.wav	 2.196	 0.000	 0	 16000	-0.0040
 t23c020z.enh.wav	 1.747	 0.000	 0	 16000	0.0040
 t23c0210.enh.wav	 1.953	 0.000	 0	 16000	0.0040
 t23c0211.enh.wav	 2.071	 0.000	 0	 16000	0.0000
 t23c0212.enh.wav	 1.891	 0.000	 0	 16000	0.0040
 t24c020c.enh.wav	 1.292	 0.000	 0	 16000	0.0000
 t24c020i.enh.wav	 1.583	 0.000	 0	 16000	0.0040
 t24c020r.enh.wav	 1.754	 0.000	 0	 16000	0.0000
 t24c020s.enh.wav	 1.326	 0.000	 0	 16000	0.0080
 t24c020t.enh.wav	 1.569	 0.000	 0	 16000	0.0080
 t24c020u.enh.wav	 1.645	 0.000	 0	 16000	0.0000
 t24c020v.enh.wav	 1.446	 0.000	 0	 16000	-0.0040
 t24c020w.enh.wav	 1.389	 0.000	 0	 16000	0.0000
 t24c020y.enh.wav	 1.534	 0.000	 0	 16000	0.0000
 t24c020z.enh.wav	 1.312	 0.000	 0	 16000	0.0120
 t24c0210.enh.wav	 1.218	 0.000	 0	 16000	0.0080
 t24c0211.enh.wav	 1.682	 0.000	 0	 16000	0.0000
 t24c0212.enh.wav	 1.645	 0.000	 0	 16000	0.0120
 t25c0202.enh.wav	 1.825	 0.000	 0	 16000	0.0040
 t25c0206.enh.wav	 1.689	 0.000	 0	 16000	0.0080
 t25c020a.enh.wav	 1.854	 0.000	 0	 16000	0.0040
 t25c020c.enh.wav	 1.916	 0.000	 0	 16000	0.0040
 t25c020e.enh.wav	 1.883	 0.000	 0	 16000	-0.0040
 t25c020f.enh.wav	 1.966	 0.000	 0	 16000	0.0040
 t25c020k.enh.wav	 2.060	 0.000	 0	 16000	0.0040
 t25c020m.enh.wav	 1.760	 0.000	 0	 16000	0.0040
 t25c020n.enh.wav	 1.847	 0.000	 0	 16000	0.0080
 t25c020q.enh.wav	 1.996	 0.000	 0	 16000	0.0080
 t25c020s.enh.wav	 1.840	 0.000	 0	 16000	0.0080
 t25c020t.enh.wav	 1.953	 0.000	 0	 16000	0.0040
 t25c020u.enh.wav	 1.861	 0.000	 0	 16000	0.0040
 t25c020v.enh.wav	 2.366	 0.000	 0	 16000	0.0040
 t25c020w.enh.wav	 1.921	 0.000	 0	 16000	0.0040
 t25c020x.enh.wav	 1.882	 0.000	 0	 16000	-0.0040
 t25c020y.enh.wav	 2.045	 0.000	 0	 16000	0.0000
 t25c020z.enh.wav	 1.872	 0.000	 0	 16000	0.0040
 t25c0210.enh.wav	 1.536	 0.000	 0	 16000	0.0080
 t25c0211.enh.wav	 1.589	 0.000	 0	 16000	0.0040
 t25c0212.enh.wav	 1.877	 0.000	 0	 16000	0.0040
 t25c0213.enh.wav	 1.997	 0.000	 0	 16000	0.0000
 t25c0214.enh.wav	 1.950	 0.000	 0	 16000	-0.0040
 t25c0215.enh.wav	 1.806	 0.000	 0	 16000	0.0040
 t36c0205.enh.wav	 1.716	 0.000	 0	 16000	0.0040
 t36c0209.enh.wav	 2.012	 0.000	 0	 16000	0.0000
 t36c020a.enh.wav	 2.124	 0.000	 0	 16000	0.0000
 t36c020b.enh.wav	 1.685	 0.000	 0	 16000	0.0000
 t36c020c.enh.wav	 1.936	 0.000	 0	 16000	0.0040
 t36c020d.enh.wav	 1.886	 0.000	 0	 16000	0.0000
 t36c020e.enh.wav	 1.542	 0.000	 0	 16000	0.0000
 t36c020f.enh.wav	 1.719	 0.000	 0	 16000	0.0000
 t36c020h.enh.wav	 1.935	 0.000	 0	 16000	0.0000
 t36c020i.enh.wav	 1.799	 0.000	 0	 16000	0.0040
 t36c020l.enh.wav	 1.499	 0.000	 0	 16000	0.0040
 t36c020m.enh.wav	 1.847	 0.000	 0	 16000	0.0080
 t36c020o.enh.wav	 1.521	 0.000	 0	 16000	0.0040
 t36c020p.enh.wav	 1.469	 0.000	 0	 16000	0.0160
 t36c020r.enh.wav	 1.421	 0.000	 0	 16000	0.0160
 t36c020s.enh.wav	 2.054	 0.000	 0	 16000	0.0040
 t36c020t.enh.wav	 1.622	 0.000	 0	 16000	0.0000
 t36c020u.enh.wav	 1.778	 0.000	 0	 16000	0.0040
 t36c020w.enh.wav	 1.895	 0.000	 0	 16000	0.0000
 t36c020x.enh.wav	 1.667	 0.000	 0	 16000	0.0040
 t36c020y.enh.wav	 1.750	 0.000	 0	 16000	0.0000
 t36c020z.enh.wav	 1.514	 0.000	 0	 16000	0.0080
 t36c0210.enh.wav	 1.651	 0.000	 0	 16000	0.0040
 t36c0211.enh.wav	 1.371	 0.000	 0	 16000	0.0080
 t36c0212.enh.wav	 1.271	 0.000	 0	 16000	0.0120
 t36c0213.enh.wav	 1.780	 0.000	 0	 16000	0.0000
 t36c0214.enh.wav	 1.279	 0.000	 0	 16000	0.0120
 t37c0203.enh.wav	 1.439	 0.000	 0	 16000	0.0040
 t37c0206.enh.wav	 1.614	 0.000	 0	 16000	0.0040
 t37c0208.enh.wav	 2.035	 0.000	 0	 16000	0.0000
 t37c020b.enh.wav	 2.077	 0.000	 0	 16000	0.0040
 t37c020c.enh.wav	 1.894	 0.000	 0	 16000	-0.0040
 t37c020d.enh.wav	 1.559	 0.000	 0	 16000	0.0040
 t37c020e.enh.wav	 1.697	 0.000	 0	 16000	0.0040
 t37c020f.enh.wav	 2.036	 0.000	 0	 16000	-0.0040
 t37c020k.enh.wav	 2.070	 0.000	 0	 16000	-0.0040
 t37c020m.enh.wav	 2.256	 0.000	 0	 16000	0.0040
 t37c020o.enh.wav	 2.004	 0.000	 0	 16000	0.0040
 t37c020q.enh.wav	 1.833	 0.000	 0	 16000	0.0040
 t37c020s.enh.wav	 2.022	 0.000	 0	 16000	0.0000
 t37c020t.enh.wav	 1.976	 0.000	 0	 16000	0.0040
 t37c020u.enh.wav	 2.219	 0.000	 0	 16000	0.0000
 t37c020v.enh.wav	 2.154	 0.000	 0	 16000	0.0000
 t37c020w.enh.wav	 1.681	 0.000	 0	 16000	0.0040
 t37c020x.enh.wav	 2.160	 0.000	 0	 16000	-0.0040
 t37c020y.enh.wav	 1.867	 0.000	 0	 16000	0.0040
 t37c020z.enh.wav	 2.180	 0.000	 0	 16000	-0.0040
 t37c0210.enh.wav	 1.982	 0.000	 0	 16000	-0.0040
 t37c0212.enh.wav	 2.226	 0.000	 0	 16000	-0.0040
 t37c0213.enh.wav	 1.848	 0.000	 0	 16000	0.0120
 t38c020n.enh.wav	 1.770	 0.000	 0	 16000	0.0040
 t38c020t.enh.wav	 1.938	 0.000	 0	 16000	0.0040
 t38c020u.enh.wav	 2.294	 0.000	 0	 16000	0.0040
 t38c020v.enh.wav	 1.789	 0.000	 0	 16000	0.0040
 t38c020w.enh.wav	 2.088	 0.000	 0	 16000	0.0040
 t38c020x.enh.wav	 2.106	 0.000	 0	 16000	-0.0080
 t38c020y.enh.wav	 2.091	 0.000	 0	 16000	0.0040
 t38c020z.enh.wav	 1.529	 0.000	 0	 16000	0.0080
 t38c0210.enh.wav	 2.260	 0.000	 0	 16000	0.0000
 t38c0211.enh.wav	 1.546	 0.000	 0	 16000	0.0040
 t38c0212.enh.wav	 1.461	 0.000	 0	 16000	0.0040
 t38c0214.enh.wav	 2.258	 0.000	 0	 16000	0.0040
 t39c020t.enh.wav	 1.669	 0.000	 0	 16000	0.0040
 t39c020u.enh.wav	 1.796	 0.000	 0	 16000	0.0120
 t39c020v.enh.wav	 1.639	 0.000	 0	 16000	0.0040
 t39c020x.enh.wav	 1.463	 0.000	 0	 16000	0.0080
 t39c020y.enh.wav	 1.422	 0.000	 0	 16000	0.0080
 t39c020z.enh.wav	 1.763	 0.000	 0	 16000	0.0040
 t39c0210.enh.wav	 1.509	 0.000	 0	 16000	0.0040
 t39c0211.enh.wav	 1.632	 0.000	 0	 16000	0.0040
 t39c0212.enh.wav	 1.224	 0.000	 0	 16000	0.0160
 t39c0213.enh.wav	 1.402	 0.000	 0	 16000	0.0120
 t39c0214.enh.wav	 1.609	 0.000	 0	 16000	0.0000
 t40c020t.enh.wav	 1.930	 0.000	 0	 16000	-0.0040
 t40c020u.enh.wav	 1.316	 0.000	 0	 16000	-0.0040
 t40c020v.enh.wav	 1.428	 0.000	 0	 16000	0.0000
 t40c020w.enh.wav	 1.599	 0.000	 0	 16000	-0.0040
 t40c020x.enh.wav	 1.843	 0.000	 0	 16000	0.0040
 t40c020y.enh.wav	 1.950	 0.000	 0	 16000	-0.0040
 t40c020z.enh.wav	 1.806	 0.000	 0	 16000	0.0000
 t40c0210.enh.wav	 1.631	 0.000	 0	 16000	0.0040
 t40c0211.enh.wav	 1.926	 0.000	 0	 16000	0.0000
 t40c0213.enh.wav	 1.832	 0.000	 0	 16000	0.0000
 t40c0214.enh.wav	 1.668	 0.000	 0	 16000	0.0000
 